#include <array>
std::array<std::array<float, 17>, 1000> dirichlet = {{  { 0.0006963670,0.0542039019,0.0152805943,0.0000028129,0.1408390134,0.1121810447,0.0577821751,0.2380511221,0.0687550956,0.0739871748,0.0000518348,0.0000000004,0.0024586175,0.1146884996,0.0484877373,0.0658755720,0.0066584365 } 
, { 0.0402797448,0.0003129095,0.0280484385,0.0916196366,0.0010350552,0.0916938939,0.1197534993,0.0311694896,0.1860466827,0.0333113874,0.0000009813,0.1118401269,0.0002916577,0.0574588660,0.0056780737,0.0298733769,0.1715861801 } 
, { 0.0102044005,0.0000000001,0.0935985896,0.0000059632,0.0224786579,0.0064131275,0.1727091310,0.0000087204,0.0003312590,0.1659789054,0.0953354576,0.0000177184,0.0320130874,0.0102887894,0.2168244175,0.0739718203,0.0998199548 } 
, { 0.2087260199,0.5163919382,0.0000122844,0.0000587796,0.0219095193,0.0244593636,0.0004483108,0.0272087275,0.0106538203,0.0078286226,0.0000488924,0.0000674980,0.0000075476,0.0103066272,0.1241048003,0.0038007958,0.0439664522 } 
, { 0.0001532828,0.1311902280,0.0160644077,0.2171668519,0.0002681726,0.0042021780,0.1441824786,0.2484597394,0.0000161103,0.0008833621,0.1093688135,0.0001841833,0.0461960329,0.0010838268,0.0106705882,0.0595276211,0.0103821226 } 
, { 0.0046457158,0.0099586386,0.0002199702,0.1129303974,0.1877885877,0.0837619581,0.0212339272,0.0000772588,0.0051238871,0.0007044299,0.0000984062,0.0066198494,0.0001322761,0.0000003778,0.0085324183,0.0283962137,0.5297756877 } 
, { 0.0294833819,0.0005498089,0.0000000000,0.0021236966,0.0021249926,0.0106918495,0.0000000199,0.0042538308,0.0178130544,0.0025734548,0.0814671383,0.1087977915,0.2904528557,0.0328808237,0.3244400537,0.0914016950,0.0009455527 } 
, { 0.0000079989,0.0000105698,0.0012171370,0.5117044607,0.0000043314,0.0054554449,0.0000089635,0.0996898805,0.0126832175,0.0319184087,0.0000013961,0.0085414167,0.1329483709,0.0000009780,0.0013353252,0.1944581353,0.0000139650 } 
, { 0.2111178474,0.0082720404,0.0017784254,0.0000010374,0.0000017102,0.0285535981,0.0000255018,0.3317361451,0.0056095510,0.0058958008,0.0051424094,0.0000000033,0.0488411328,0.2183411115,0.0992071991,0.0190224145,0.0164540720 } 
, { 0.0125450494,0.0181359172,0.4486584308,0.0002013624,0.0871908046,0.0004141031,0.0019747226,0.0000664246,0.0295506664,0.0038833500,0.0652686994,0.0645225742,0.2323383815,0.0000106168,0.0244449227,0.0000000259,0.0107939485 } 
, { 0.3997916347,0.0001654503,0.0090343369,0.0787911441,0.0094724761,0.0348540758,0.0658865069,0.0337762701,0.0000006331,0.0947226597,0.0093973640,0.0025008493,0.0005301011,0.0422015389,0.0000052515,0.2125914711,0.0062782363 } 
, { 0.0027088934,0.1653527483,0.0306954123,0.0252110637,0.0176099578,0.0053392916,0.0969048016,0.0583318485,0.0000595398,0.0000526015,0.0040272504,0.0085281352,0.0008933844,0.0000119566,0.3372184165,0.2227283061,0.0243263922 } 
, { 0.0194799168,0.0326747467,0.0037154868,0.0356835585,0.0104168344,0.0090093985,0.0672325780,0.0000000000,0.0448766935,0.0113985811,0.2339094779,0.0098304787,0.0002595600,0.0000002745,0.4532366110,0.0677173337,0.0005584700 } 
, { 0.5893130796,0.0296778512,0.0253214299,0.0538074282,0.1498323123,0.0006375453,0.0060755084,0.0902277870,0.0000067363,0.0010535731,0.0000889692,0.0002070597,0.0065630106,0.0275861928,0.0000035633,0.0023303455,0.0172676077 } 
, { 0.0000890825,0.1095388691,0.0285476153,0.0730794082,0.0447484986,0.0993597584,0.0108518608,0.1478850029,0.0018429934,0.0519915988,0.1448616634,0.1146642136,0.0000189348,0.1230902857,0.0000624019,0.0001237317,0.0492440809 } 
, { 0.0009089353,0.0023525503,0.0057841154,0.0414281171,0.6019945674,0.0000346665,0.0011155342,0.0005407770,0.0042598985,0.0006400878,0.0989227987,0.0053628287,0.0940718285,0.0221141130,0.0033283493,0.0017451901,0.1153956420 } 
, { 0.0274034354,0.0802993789,0.0302208451,0.0470258740,0.0033571868,0.0018350503,0.1713336912,0.0162350262,0.3650030885,0.0014881869,0.0009162243,0.1781873675,0.0041302930,0.0346261922,0.0070947842,0.0002615793,0.0305817961 } 
, { 0.0093604454,0.1329238212,0.0616162779,0.0010312626,0.0212947431,0.0002221568,0.3208234045,0.1263015076,0.0069725803,0.1069699254,0.0150211378,0.0008876154,0.0110074321,0.1458845201,0.0305504733,0.0047293678,0.0044033287 } 
, { 0.2397155191,0.1021276708,0.1826206057,0.0057245976,0.1253329213,0.0635044650,0.0084891265,0.0022770490,0.0112654560,0.1274223822,0.0172762971,0.0002118185,0.0945250448,0.0000000001,0.0121197237,0.0000000011,0.0073873218 } 
, { 0.0001230130,0.0672619523,0.0003634461,0.0010167966,0.0246724953,0.0720751001,0.0000040410,0.0438134437,0.0005837463,0.0883904685,0.0021282275,0.2125749697,0.4222583607,0.0631844261,0.0009904844,0.0000000065,0.0005590222 } 
, { 0.0000000000,0.0378099818,0.0098618755,0.0234192388,0.0001990517,0.0914545106,0.0001641658,0.0000569064,0.0035874525,0.0001520676,0.0204500120,0.1216624873,0.5567030738,0.0073498989,0.0000001142,0.1269828805,0.0001462827 } 
, { 0.0000014214,0.0417435393,0.1010478275,0.0307497082,0.1069408886,0.0013882677,0.0473056399,0.0732062750,0.0376342033,0.0023142010,0.0141913055,0.1517736291,0.0154325858,0.0084385110,0.0000139520,0.0016593254,0.3661587193 } 
, { 0.0022254245,0.0000002876,0.1948588078,0.0000235223,0.0204684413,0.0012333958,0.1641048242,0.0001260399,0.1530044131,0.0000003642,0.0000844811,0.0095113027,0.4076112190,0.0085709348,0.0022968844,0.0043687153,0.0315109421 } 
, { 0.5273503225,0.0558455680,0.0633793794,0.1076586018,0.0047506174,0.0000018535,0.0000411685,0.0283248832,0.1274617358,0.0002503245,0.0000000000,0.0475499187,0.0322515905,0.0000000008,0.0010549489,0.0000377237,0.0040413628 } 
, { 0.0001313190,0.0010425881,0.0018672760,0.2713949062,0.1256366258,0.0498597867,0.2183594164,0.0959277575,0.0018583206,0.0011593896,0.0013102207,0.0000348576,0.1680563125,0.0506930200,0.0088938060,0.0030901589,0.0006842384 } 
, { 0.0044117598,0.1386998251,0.1486057851,0.0000880365,0.0001568926,0.0019139147,0.0104732210,0.0024616597,0.0192330037,0.0202570663,0.4013240928,0.0418185435,0.0337570620,0.1462070640,0.0064669565,0.0241250956,0.0000000209 } 
, { 0.0000738793,0.0209505180,0.0187960708,0.2581689335,0.1352193140,0.0549286749,0.1512976371,0.0004512672,0.0347941968,0.0768008521,0.0334296871,0.1698826854,0.0049816745,0.0041999897,0.0287140692,0.0073104003,0.0000001500 } 
, { 0.0437993630,0.0187442375,0.0163090258,0.0000792288,0.0305138457,0.0691161771,0.0047847484,0.1772489507,0.0019720720,0.0005281844,0.0549537482,0.0254260410,0.0007374332,0.2593301932,0.1347083259,0.0493088023,0.1124396229 } 
, { 0.0001293542,0.1076687265,0.0013102010,0.0020316860,0.0000036185,0.2565103030,0.0001093943,0.0009425167,0.0552448779,0.0346658472,0.0212689433,0.0006212226,0.0023792611,0.3954890589,0.0385383800,0.0780715348,0.0050150741 } 
, { 0.0000113832,0.0000000011,0.0001140027,0.0378621911,0.2239827276,0.0048477163,0.0188631533,0.0015081199,0.3024443788,0.0062919547,0.0023867602,0.1018287839,0.0000250119,0.0072767101,0.0001249602,0.0056186466,0.2868134984 } 
, { 0.0084293844,0.0251786092,0.1660961098,0.0002113001,0.0188070850,0.2291401285,0.0011519856,0.0054565682,0.2171480301,0.0114901098,0.0407797177,0.1357074815,0.0487113375,0.0335636909,0.0000001032,0.0543159248,0.0038124337 } 
, { 0.0000580600,0.0745766696,0.0699478785,0.0055328125,0.1252692218,0.5738610499,0.0000000001,0.0063656671,0.0011369881,0.0030013276,0.0093655147,0.0179157944,0.1057541047,0.0000043197,0.0000144679,0.0000046724,0.0071914510 } 
, { 0.1097982325,0.0000022688,0.0138889957,0.0000016817,0.0047864298,0.1853291106,0.1855079050,0.0104140602,0.1686819824,0.0763075047,0.0069702544,0.0003588147,0.0004173213,0.0082211620,0.2203021549,0.0044426338,0.0045694876 } 
, { 0.1654403042,0.0106901070,0.0111243464,0.0000001691,0.0260751906,0.1991304248,0.0052993081,0.0553641886,0.2979931777,0.0322590807,0.0030439752,0.0277677947,0.0361232250,0.0969780165,0.0003298257,0.0323520861,0.0000287793 } 
, { 0.0000072920,0.0025386775,0.0997934225,0.1998598703,0.0961571047,0.0026188428,0.0118716856,0.0268293066,0.0002457803,0.0215940344,0.3499839074,0.0158776581,0.0000009102,0.0672854214,0.0788738666,0.0264515423,0.0000106773 } 
, { 0.0064511556,0.0032470801,0.1262431646,0.0759569737,0.0218269409,0.0537228551,0.0001568250,0.0279648774,0.0000056856,0.0278833772,0.0033395290,0.4221046624,0.0810834676,0.0010513032,0.0212843065,0.0666024120,0.0610753842 } 
, { 0.0000379242,0.0120820122,0.0614811675,0.1036289582,0.0242295543,0.2709195161,0.1051874416,0.0783250738,0.0169811959,0.0973140963,0.0078113432,0.0049515344,0.0000082380,0.0037468429,0.0012202836,0.0063435527,0.2057312652 } 
, { 0.0226652117,0.0073747495,0.0442330130,0.0013719497,0.0000176144,0.0000261103,0.0027963105,0.0940796303,0.2205125051,0.0002254755,0.0014136970,0.0071273171,0.2263351758,0.0178322559,0.0561256435,0.0000060902,0.2978572507 } 
, { 0.0080802310,0.0174753697,0.1368246344,0.0002918807,0.0000137379,0.0000105295,0.0000000020,0.0481011381,0.1074005822,0.0830358435,0.5044501861,0.0027851033,0.0011965003,0.0307838986,0.0214582780,0.0295498014,0.0085422833 } 
, { 0.0000064186,0.0105164034,0.0000070843,0.0094358978,0.0000056110,0.0176382583,0.0112372778,0.0124509633,0.0735947254,0.0000003890,0.0704275968,0.0000237105,0.0001444157,0.2757944123,0.0000114592,0.3140342762,0.2046711004 } 
, { 0.0658962951,0.0009354782,0.1657401584,0.0039158973,0.0083754705,0.0355320136,0.0035737827,0.0000641520,0.4282827164,0.0018123901,0.0430769071,0.1425624751,0.0377345807,0.0276950009,0.0031225144,0.0000003763,0.0316797912 } 
, { 0.0028230062,0.0307061924,0.1078889709,0.0231328215,0.0375228598,0.0000015943,0.0000194770,0.5080868871,0.0525450356,0.0041492771,0.0369737562,0.0159224219,0.0451644651,0.0000796517,0.0001661689,0.0529578251,0.0818595893 } 
, { 0.0172583486,0.0002035707,0.2974965876,0.0000131203,0.0001446830,0.1805871870,0.0000000020,0.0227207964,0.0094064594,0.0001211571,0.0247439737,0.0000000712,0.1415811173,0.2099194334,0.0145665859,0.0429209672,0.0383159392 } 
, { 0.0017629744,0.2438642307,0.0126337914,0.0919510287,0.0613866591,0.0102020388,0.0999717802,0.2233261304,0.0031504671,0.0050124542,0.0039594217,0.0000001993,0.0217658111,0.0025146933,0.0032614192,0.1637458255,0.0514910749 } 
, { 0.0002831667,0.0835861388,0.1394358394,0.0446428958,0.1786211546,0.0205163891,0.3156226725,0.0028342854,0.0076238315,0.0000153755,0.0627135066,0.0021892745,0.0000000357,0.0123355315,0.0000046731,0.0254958247,0.1040794046 } 
, { 0.0179014048,0.0010147846,0.0014619754,0.0014235594,0.0023167013,0.0000000037,0.0000011214,0.0003637775,0.4836073785,0.0026481521,0.2643874910,0.0008771833,0.0271205746,0.0058368173,0.1868529711,0.0041828874,0.0000032167 } 
, { 0.0113100785,0.0707582541,0.0000004579,0.0579964055,0.1661170550,0.0012161713,0.0142224589,0.0212850157,0.4326503238,0.0001943104,0.0061526843,0.0004037060,0.1253080428,0.0000847520,0.0000004787,0.0894054197,0.0028943852 } 
, { 0.0763772040,0.0013377522,0.0000035873,0.4041870507,0.0866052477,0.2814242675,0.0077284699,0.0004352083,0.0242471205,0.0002669986,0.0000971828,0.0000000117,0.0390510086,0.0001407605,0.0726564618,0.0024703080,0.0029713601 } 
, { 0.0415237075,0.0146845090,0.0337933219,0.1778751569,0.0035206851,0.0000086084,0.1822437694,0.0121181728,0.1106684560,0.0273568708,0.0086170388,0.0700001555,0.0000006938,0.2842611230,0.0200555825,0.0132721365,0.0000000121 } 
, { 0.0410084880,0.0230777902,0.0000011280,0.0115062149,0.0462660852,0.0003021771,0.0098399834,0.0001388909,0.2356614261,0.1494284963,0.0064410110,0.1153559516,0.0544639212,0.0780665163,0.0157698714,0.0019846882,0.2106873601 } 
, { 0.2135612887,0.0002360560,0.2653123373,0.0001619051,0.0038321754,0.0192076273,0.0054079678,0.1290176283,0.0009746147,0.0006210977,0.1602365733,0.0000000001,0.0078190801,0.0000034216,0.0178655162,0.0679407486,0.1078019616 } 
, { 0.0003695947,0.1402472935,0.0000058634,0.0001663560,0.0000084315,0.0004938172,0.2365074683,0.0000000265,0.0870138958,0.0025930775,0.0000000937,0.0018985323,0.0019565499,0.0938649241,0.0259095590,0.0555585033,0.3534060133 } 
, { 0.1219795539,0.0029188519,0.1157085317,0.0000000808,0.0016366182,0.0001885717,0.1024458161,0.0830191930,0.0822015891,0.0001179042,0.0169066206,0.0879622064,0.0061784284,0.1299689932,0.0396451356,0.0000049421,0.2091169630 } 
, { 0.0489204162,0.0356530980,0.0001201848,0.0007344430,0.0984713179,0.5172088056,0.0007062378,0.0377294520,0.0506232212,0.0000005908,0.0000003647,0.0000754508,0.0537824691,0.0154043604,0.0224847093,0.0353455250,0.0827393534 } 
, { 0.0042575399,0.0598458870,0.0008950748,0.0018353475,0.0553469894,0.0544374983,0.0001391666,0.0000290198,0.0073466625,0.0000017469,0.0770410374,0.0014709826,0.6164369465,0.0363659601,0.0799574425,0.0000007033,0.0045919949 } 
, { 0.0002016835,0.4986759676,0.0048188442,0.1070220239,0.0270059042,0.0001507450,0.0050064997,0.0249842271,0.1959420627,0.0011338338,0.0165104614,0.0049000821,0.0100978268,0.0046313053,0.0000182213,0.0002848053,0.0986155061 } 
, { 0.3077586085,0.1482865145,0.3143182662,0.0326418865,0.0262332779,0.0184844737,0.0804020628,0.0056704687,0.0003713005,0.0087500277,0.0008574802,0.0169280515,0.0184310412,0.0024667894,0.0024725674,0.0002458373,0.0156813461 } 
, { 0.0000014567,0.1858308933,0.0078700742,0.1241439858,0.2002519566,0.0116822838,0.0001052359,0.0418261316,0.0771513296,0.0001877728,0.0065564933,0.0337134204,0.0612131598,0.0000000000,0.0020427553,0.1104376364,0.1369854144 } 
, { 0.0320354752,0.1426301184,0.0206808564,0.0059543689,0.0195067171,0.0000089427,0.2665696283,0.0059641546,0.0000015981,0.0029789194,0.1090438595,0.0633108559,0.0456020834,0.0011725956,0.2380035368,0.0212462586,0.0252900310 } 
, { 0.1577623845,0.0981199839,0.3473792716,0.0261960708,0.0000030382,0.0014159014,0.0000000005,0.1199155939,0.0017500164,0.0655752285,0.0120853157,0.0011179964,0.0011961955,0.0389855919,0.0050278241,0.0123655966,0.1111039901 } 
, { 0.0000000008,0.0134864662,0.0566768586,0.0892290122,0.0189425737,0.0026771278,0.0613971665,0.1538558312,0.0001897760,0.0307306974,0.0098991778,0.0029479073,0.0694709187,0.0000256948,0.4702114217,0.0202589638,0.0000004054 } 
, { 0.0000000009,0.4416530010,0.0055926200,0.0108203971,0.0000154304,0.0012277743,0.0180795434,0.0713098091,0.0147892680,0.0123403040,0.0345953537,0.1693195909,0.0000006908,0.1422825538,0.0055047322,0.0048173212,0.0676516092 } 
, { 0.0002728727,0.0000000373,0.4612040760,0.0015351188,0.0986111938,0.0000103547,0.0427838600,0.0019745451,0.0300438930,0.0000008850,0.0000001663,0.0000005244,0.0893932716,0.1464617602,0.0615608735,0.0294904210,0.0366561466 } 
, { 0.0683677946,0.0000000127,0.1732256689,0.0072099301,0.2935574765,0.0860369626,0.0143355991,0.0000418588,0.0001369577,0.0011465017,0.0000007819,0.0005122555,0.0399876227,0.0298512681,0.1113811598,0.1731867285,0.0010214207 } 
, { 0.0031043357,0.0058206675,0.0234419811,0.0968615930,0.0046028322,0.0000028579,0.0982341203,0.0024764864,0.0208982633,0.0001210769,0.0594240570,0.0039174002,0.0486734238,0.0000562243,0.0078907177,0.6244737158,0.0000002471 } 
, { 0.0228859721,0.0561452543,0.0006136313,0.0000006675,0.0085984667,0.0015069598,0.2983222807,0.0000224620,0.1337509652,0.0841721374,0.0372554868,0.0000296526,0.0000415324,0.2749925197,0.0013438580,0.0003870098,0.0799311436 } 
, { 0.0028533486,0.0008207106,0.0000946339,0.4337611850,0.0223152655,0.0259861342,0.0004202659,0.3063674243,0.0464895699,0.0040940001,0.0075868538,0.0207924782,0.0540071811,0.0000024604,0.0048075476,0.0666193167,0.0029816240 } 
, { 0.0000031006,0.0435427754,0.0012142966,0.0080749703,0.4008926729,0.0012782882,0.0000000419,0.0659164173,0.0013375147,0.1909676646,0.1448918152,0.0218734470,0.0003511533,0.0988721001,0.0115993822,0.0090522191,0.0001321404 } 
, { 0.0117879571,0.0184503143,0.0153389031,0.0672998260,0.0002578518,0.0023330168,0.0001233185,0.1382756842,0.4044155339,0.1417299721,0.0169709963,0.0022497358,0.0892622691,0.0000003223,0.0000973514,0.0070967943,0.0843101531 } 
, { 0.0155444977,0.0000627354,0.0007533613,0.0000648788,0.0081777321,0.0669007171,0.0004002246,0.0039464517,0.0042072723,0.0002816661,0.5126693705,0.0000911674,0.0163333983,0.0000000012,0.3394596599,0.0310695486,0.0000373169 } 
, { 0.0492682218,0.2311066634,0.0000030643,0.0038407231,0.0043742627,0.0121089014,0.2210272240,0.0003823794,0.1141392013,0.0000613907,0.0036884834,0.1974482108,0.0399186501,0.0029751869,0.1193007524,0.0002725742,0.0000841103 } 
, { 0.0002160155,0.0000000000,0.0059532179,0.1925386163,0.0000999625,0.1089952003,0.0002361851,0.0313497748,0.0504906247,0.0697587221,0.0000298387,0.0000083310,0.0000019500,0.1530591895,0.3459247130,0.0026147626,0.0387228961 } 
, { 0.2003117068,0.0750755924,0.0204594810,0.0000456434,0.0000033579,0.0000557234,0.0757685421,0.0597115114,0.0000392766,0.0002385236,0.0272942579,0.0000025759,0.0000010732,0.0048537668,0.1265219136,0.0000000970,0.4096169571 } 
, { 0.0085980702,0.0007649674,0.0022213724,0.0097379331,0.0027726043,0.0000000131,0.0007344357,0.0000014883,0.0000016696,0.0002747166,0.0000021947,0.0065747061,0.0086649938,0.4359407108,0.0141701828,0.3998208801,0.1097190610 } 
, { 0.0079681751,0.0460680203,0.0898495354,0.0343214995,0.0867029908,0.0004488606,0.0976873412,0.0150392678,0.1086337638,0.0703517149,0.1420209894,0.2089478652,0.0450414721,0.0269208496,0.0186674160,0.0000009966,0.0013292416 } 
, { 0.0000699417,0.0047786660,0.0008489172,0.0346863884,0.0060813951,0.0376235468,0.0067201140,0.0463374857,0.0032029742,0.0110433652,0.0000000455,0.0205631010,0.2540831230,0.0000032872,0.1053404997,0.0120329264,0.4565842226 } 
, { 0.0592082427,0.1442247062,0.0001364246,0.0000364798,0.0002905587,0.1474427488,0.0000027799,0.0061274771,0.1715418928,0.0055139748,0.2718351305,0.0042072681,0.0430194863,0.1340667625,0.0099281545,0.0003557768,0.0020621359 } 
, { 0.1000541145,0.0408336948,0.3380409143,0.0021761182,0.0207682730,0.0004625845,0.0353928989,0.0049787587,0.0007488733,0.0023368146,0.0391145937,0.0130950260,0.0115218744,0.1497255025,0.2095284814,0.0093238111,0.0218976660 } 
, { 0.0016979829,0.0000492562,0.0099981424,0.0163506610,0.0117943625,0.0003638463,0.0003126281,0.0020454556,0.0039236267,0.1505086646,0.1380654101,0.0039393367,0.1265632789,0.0000225625,0.0021594469,0.3366414684,0.1955638701 } 
, { 0.0111073928,0.3508019517,0.0018399412,0.0110921604,0.0076670775,0.0001724267,0.0000000000,0.1216073565,0.0830296425,0.0551348716,0.0000000000,0.1346042528,0.0312002257,0.0000158470,0.1334635124,0.0364042049,0.0218591364 } 
, { 0.0454189420,0.0000010707,0.0000000041,0.0027253356,0.0000354691,0.0000014659,0.6270852528,0.0023464872,0.0296625526,0.0015711087,0.1191343027,0.0017941035,0.0575551860,0.0044298188,0.0583803209,0.0022134932,0.0476450864 } 
, { 0.0005342066,0.0009971791,0.0134176903,0.1795016517,0.2022004149,0.0212313368,0.1186292664,0.0015893341,0.0005449139,0.0010052738,0.1910476356,0.1231245808,0.0030146566,0.0829029761,0.0228933597,0.0373581505,0.0000073730 } 
, { 0.0628509688,0.1093709027,0.0003633048,0.0000106927,0.0657785210,0.2929819246,0.0167610727,0.0000003470,0.0023047741,0.0365419391,0.0000232980,0.0692750679,0.0560370908,0.1955767409,0.0724710841,0.0001023552,0.0195499156 } 
, { 0.0239097913,0.0634227896,0.2563122468,0.0050159315,0.0000109249,0.0166622369,0.0005490140,0.0133875348,0.0023400764,0.0656863845,0.0275280111,0.3360745501,0.0000001576,0.0206889432,0.0661636567,0.0620606741,0.0401870766 } 
, { 0.0007096191,0.3082133059,0.0265089190,0.0011479631,0.0113754623,0.0114388793,0.3481052429,0.0256031514,0.0000008010,0.0000263318,0.0234307131,0.0348251138,0.1199048350,0.0000000290,0.0633778458,0.0007673458,0.0245644417 } 
, { 0.0028584005,0.0000001609,0.0062088371,0.0224088474,0.0126545388,0.0160652567,0.3824475040,0.0297922352,0.0006184787,0.0867099279,0.1964084683,0.0008268554,0.0788979544,0.0000016063,0.0336137332,0.1304870263,0.0000001688 } 
, { 0.0000165417,0.0405917852,0.0006141003,0.0105509077,0.1499252820,0.0066089854,0.0026056381,0.2366755048,0.0000043399,0.0028819049,0.0002495905,0.3172763102,0.0224166113,0.0035310664,0.2055727285,0.0000008208,0.0004778823 } 
, { 0.0197383930,0.0004206165,0.0079165897,0.5853360573,0.0438147202,0.0072588861,0.0130830467,0.2506317548,0.0274867218,0.0187402677,0.0019436266,0.0047275287,0.0000850703,0.0001607896,0.0007310254,0.0179232506,0.0000016550 } 
, { 0.0293594363,0.0000030407,0.1219869755,0.0024547163,0.2115373658,0.1873775798,0.0003912371,0.0006613903,0.0156896270,0.0304699502,0.0031691183,0.0137929911,0.0890278235,0.0000000002,0.0002527375,0.1503239809,0.1435020295 } 
, { 0.0347009129,0.0013865501,0.0000131388,0.0028175103,0.0083685792,0.1628483788,0.2397297438,0.0597119101,0.1450416080,0.0412782073,0.0076076560,0.1308543031,0.0471830589,0.1153216889,0.0003302670,0.0001544233,0.0026520634 } 
, { 0.0000026207,0.0002844366,0.0271371983,0.0206034653,0.0025952442,0.6083227989,0.0000004258,0.0000405811,0.0002166497,0.0354371328,0.0719640145,0.0666766853,0.0012694592,0.0000906185,0.0203694037,0.1449865088,0.0000027565 } 
, { 0.2438298258,0.0000032745,0.0371639402,0.1066781757,0.0016249296,0.0002705071,0.0000013098,0.0000009961,0.0286133996,0.0116706645,0.0000098889,0.0194610254,0.0728978594,0.0103997639,0.3970756378,0.0217887123,0.0485100892 } 
, { 0.0585790201,0.0412628429,0.0015835416,0.0084231904,0.0008876669,0.0009669339,0.2705447636,0.0005518186,0.0000646794,0.0481077202,0.2131742245,0.2217426580,0.0047759324,0.0000009613,0.0000027938,0.0011015845,0.1282296680 } 
, { 0.0002042017,0.3440174571,0.0000434350,0.2044722825,0.0001103166,0.0082430462,0.0000551391,0.0745439496,0.0000010516,0.0003915541,0.0000078400,0.0641351986,0.0000427489,0.2951398092,0.0032943917,0.0017660997,0.0035314785 } 
, { 0.0570195059,0.0352151590,0.0000100528,0.0000131560,0.3647067801,0.1589005148,0.1870909655,0.0002215893,0.0360775797,0.0158719863,0.0023975987,0.0334439897,0.0000030584,0.0789798167,0.0060806407,0.0147074839,0.0092601225 } 
, { 0.0339033697,0.0756195931,0.1824915971,0.0191987531,0.1285600818,0.0003255302,0.3188666871,0.0648240113,0.0000039488,0.1110488285,0.0022818203,0.0002018875,0.0000063207,0.0309397119,0.0020325067,0.0158163874,0.0138789649 } 
, { 0.0004707097,0.0267384744,0.2018748622,0.0048830230,0.0412600178,0.0007519846,0.0036715838,0.0000218332,0.0000001198,0.0167611580,0.3184592886,0.0535884661,0.0054855643,0.0979593823,0.0863353516,0.0620199238,0.0797182567 } 
, { 0.0075757382,0.0480626094,0.0007228047,0.1927530527,0.0038354889,0.0004151072,0.3113603946,0.0000630497,0.0031683779,0.0000135777,0.0000000230,0.0004068046,0.0106425406,0.0010193965,0.0006594641,0.2407139722,0.1785875981 } 
, { 0.0000282068,0.0049378094,0.0071812251,0.0000024097,0.0029717254,0.0040035280,0.0019056044,0.0000000000,0.0244775473,0.0000637102,0.1873296756,0.1747769163,0.1482172707,0.0009257916,0.4389318426,0.0042430602,0.0000036768 } 
, { 0.1007108782,0.0000000045,0.0011349321,0.0425687010,0.0022437956,0.0865324510,0.0000158836,0.0897981443,0.0073341417,0.0386252167,0.5669169126,0.0000511399,0.0338642405,0.0000001200,0.0009165251,0.0014604229,0.0278264904 } 
, { 0.0017712108,0.0000939237,0.0000395795,0.0013960111,0.0089250523,0.0311916133,0.0004285368,0.0006015259,0.1825412691,0.0010285778,0.1551694599,0.0002259790,0.5519056954,0.0000000000,0.0517983731,0.0000045305,0.0128786617 } 
, { 0.0064290710,0.0778193939,0.0008483959,0.0069346660,0.0000491668,0.0000027140,0.0266592179,0.0023482204,0.2945536348,0.1547359509,0.0067455193,0.0188467744,0.0000007898,0.0495128357,0.2687571156,0.0005697682,0.0851867654 } 
, { 0.0000030254,0.1492157735,0.0000028724,0.0100155128,0.0025368163,0.0608010462,0.0000000334,0.0415529746,0.2100063621,0.0782638159,0.0315417636,0.0003544289,0.0024904599,0.3992223383,0.0114696263,0.0018781841,0.0006449664 } 
, { 0.0089728274,0.1031746493,0.0017460718,0.1147892287,0.1458197916,0.0189393148,0.0000081338,0.0004866362,0.0660411667,0.1661866529,0.0093603648,0.0228786078,0.0041611262,0.3219508393,0.0142828719,0.0011433390,0.0000583778 } 
, { 0.1180700577,0.1552918173,0.1723325243,0.0049674257,0.0077733579,0.0001351462,0.0023052955,0.1006993912,0.1117807464,0.1252649129,0.0000000000,0.0000052219,0.1041452899,0.0297766081,0.0215656993,0.0003485866,0.0455379190 } 
, { 0.0803719866,0.0007244558,0.4804514946,0.1240367448,0.0332619062,0.0020742861,0.0008640773,0.0010205575,0.0527723023,0.0060718961,0.0001071954,0.0054949291,0.0010716313,0.0905555071,0.1188614824,0.0001006880,0.0021588593 } 
, { 0.1931521699,0.0241941086,0.0105520240,0.0007123497,0.0303060280,0.0016314244,0.0063548020,0.1132329396,0.0049483344,0.5648400488,0.0184118402,0.0020448110,0.0006824874,0.0044888418,0.0007379208,0.0237098402,0.0000000293 } 
, { 0.0000185899,0.0551184467,0.0149169246,0.0138180301,0.0355481494,0.0089626992,0.0024684462,0.0046037406,0.3126590174,0.2044287899,0.0387993292,0.0140759662,0.0018760280,0.2633823847,0.0089268174,0.0056496698,0.0147469706 } 
, { 0.0035482690,0.0298416585,0.0536802689,0.0006982664,0.0770257847,0.0014538698,0.0674205470,0.0899705127,0.0034528140,0.2461047986,0.0011740323,0.0613711620,0.0000982217,0.2963550283,0.0675673383,0.0000368901,0.0002005376 } 
, { 0.0292459786,0.0454576637,0.0204646076,0.0055161076,0.0000216378,0.0095793226,0.0724812449,0.0260427326,0.0010290997,0.0023608566,0.0023061465,0.5016221030,0.0000028925,0.0184752474,0.2639209999,0.0000003249,0.0014730340 } 
, { 0.2677418876,0.0829329561,0.0000004059,0.0301462859,0.1749156626,0.0020655505,0.1893974120,0.0067887154,0.0001922914,0.0019279486,0.0140321940,0.0012344943,0.1772521220,0.0041596755,0.0012936965,0.0364471352,0.0094715666 } 
, { 0.0105829079,0.0109608457,0.2233960689,0.0682043220,0.1933690924,0.0120210037,0.0000436079,0.1207666333,0.0047895902,0.0465888809,0.0261715889,0.1240116745,0.0370020287,0.0005438697,0.0000025619,0.0637630282,0.0577822951 } 
, { 0.0004317281,0.0001832066,0.0000611092,0.0030136333,0.0010296366,0.0000089434,0.0062822904,0.0662825523,0.0000003365,0.0179807450,0.1770826686,0.0232359895,0.0005352270,0.0737485870,0.0000422387,0.0063634434,0.6237176645 } 
, { 0.0945148492,0.0063910102,0.0002108682,0.0845871011,0.0753910952,0.0006563267,0.3163190348,0.1139101340,0.1096141878,0.0000000145,0.0057679063,0.0025238672,0.0675869274,0.0131628923,0.1090008847,0.0000243934,0.0003385069 } 
, { 0.0040721227,0.0826646200,0.0000120597,0.0959196043,0.0000000092,0.2765864075,0.0348640673,0.0269664358,0.0058094880,0.0213543809,0.0016980796,0.1065516656,0.0206587848,0.3227539988,0.0000197951,0.0000105250,0.0000579557 } 
, { 0.0004565004,0.0389094666,0.0003149211,0.0276701059,0.0010164705,0.0555607156,0.0806140842,0.0033502542,0.0037096498,0.0137671696,0.0020238956,0.0273582387,0.0383055321,0.6918757318,0.0006874279,0.0143778063,0.0000020299 } 
, { 0.1517290023,0.0150227652,0.0001414556,0.0010091725,0.0000742380,0.0109590237,0.1579732037,0.0503978386,0.1102351576,0.0188702159,0.1974570454,0.0000003255,0.1078668869,0.0598377858,0.0058608180,0.0020350013,0.1105300639 } 
, { 0.1678435851,0.0000311202,0.0506520055,0.0000464601,0.0059695431,0.1237204292,0.0000712173,0.0000641222,0.0000013731,0.0002526516,0.0023812664,0.0064151333,0.0121550573,0.0081673651,0.0625112366,0.2205029448,0.3392144890 } 
, { 0.2130139316,0.0002816195,0.0684287826,0.1423924239,0.0072516187,0.0360783660,0.0000562430,0.0448244652,0.1504991385,0.1325015569,0.1102191133,0.0198687939,0.0375648676,0.0187242513,0.0000254507,0.0000023600,0.0182670172 } 
, { 0.0024119043,0.0119834735,0.0513387510,0.0063818279,0.1445580816,0.0225194192,0.0302212329,0.1239081437,0.0030917613,0.0023094222,0.0000694096,0.0873363215,0.0422318265,0.0981078029,0.1381541470,0.0000224729,0.2353540019 } 
, { 0.0096686287,0.0153750297,0.0075574793,0.2326953602,0.0002813896,0.1946490938,0.0383604860,0.0001879471,0.1548852510,0.0485243579,0.0058482542,0.1648747174,0.0697567467,0.0561646970,0.0011697353,0.0000004150,0.0000004113 } 
, { 0.0709483836,0.0257786784,0.0482594371,0.0020832364,0.0665788093,0.1695163512,0.0000369836,0.0462370046,0.1267039428,0.1232227863,0.0791290194,0.1348466655,0.0008798329,0.0966446262,0.0001991651,0.0016526522,0.0072824253 } 
, { 0.0024391402,0.0000030370,0.2729307328,0.0082658877,0.0918808790,0.0771636738,0.2561258218,0.0203223464,0.0036493768,0.0088778048,0.0001314750,0.1592147880,0.0075793891,0.0772928929,0.0008433063,0.0092801364,0.0039993118 } 
, { 0.0001605935,0.1890780827,0.0008439768,0.0530588799,0.0000070039,0.0001405604,0.0049931927,0.0098113646,0.1802276162,0.0282612929,0.0000000102,0.0018159862,0.0216202502,0.0000002436,0.1217902821,0.0019117670,0.3862788971 } 
, { 0.0000010489,0.0024486208,0.0000778180,0.0001256961,0.0395425034,0.0024246741,0.0004147631,0.3334559253,0.3693183699,0.0816446716,0.0132920453,0.0000012841,0.0004145504,0.0764744030,0.0097194060,0.0014905261,0.0691536939 } 
, { 0.0053967943,0.0000020352,0.0017336803,0.0070766419,0.0070564953,0.0039742853,0.0764348950,0.0229308016,0.1769155329,0.0058424668,0.0004837621,0.1994064560,0.0006770601,0.0318117290,0.1544324148,0.3035192316,0.0023057177 } 
, { 0.0000885204,0.0888217551,0.0000452072,0.0000263080,0.0008761263,0.3310772978,0.0089860637,0.1221402582,0.0175544354,0.0268094204,0.0171035194,0.0115163587,0.0000016995,0.0439831750,0.3201702336,0.0107492704,0.0000503511 } 
, { 0.0037278559,0.0235818470,0.0923401982,0.0429463309,0.3247072602,0.0003022827,0.1201582685,0.0689161638,0.0000004365,0.0040446292,0.0715326576,0.0017745326,0.0069437671,0.0189672184,0.1803658428,0.0021745890,0.0375161196 } 
, { 0.1450557364,0.0003999112,0.0008457004,0.0044033157,0.0427125423,0.0158486150,0.0162566420,0.0874425472,0.0000024753,0.1243252869,0.0008065912,0.0174420796,0.0521896521,0.4881821963,0.0015729260,0.0000900319,0.0024237507 } 
, { 0.0717097762,0.0120088483,0.0037959643,0.0266214354,0.0172604290,0.4531964421,0.0269678489,0.0000001661,0.0040318317,0.0279082129,0.0000082947,0.0015042608,0.1438925792,0.0016388497,0.0562512657,0.0184380455,0.1347657497 } 
, { 0.0316065524,0.1802440068,0.0070445441,0.3939200969,0.0187799652,0.0164136078,0.0100110164,0.0060237876,0.1717203777,0.0493386156,0.0000974965,0.0532635168,0.0000657482,0.0386712525,0.0211865059,0.0001184671,0.0014944426 } 
, { 0.0027147092,0.0009095905,0.0024894512,0.0497863506,0.2621549609,0.0038106506,0.3124026940,0.0007815965,0.0673974536,0.0386468646,0.0000824319,0.0948208290,0.1279255760,0.0010290403,0.0111301145,0.0199881067,0.0039295798 } 
, { 0.0047420019,0.0020136391,0.0149632852,0.2296848158,0.0915720339,0.0051812848,0.0000142972,0.0000027541,0.0396932277,0.0746529394,0.0311219410,0.4652548905,0.0275967859,0.0049420350,0.0000493997,0.0000777840,0.0084368847 } 
, { 0.0166067873,0.1145675915,0.0025688580,0.0498791361,0.0000096985,0.0000250907,0.1096272123,0.1077430725,0.0003947636,0.0363558261,0.1147066713,0.0017601013,0.0921279926,0.1287982696,0.0009779273,0.1580252724,0.0658257288 } 
, { 0.1531649934,0.0000098656,0.1189351328,0.0053357452,0.1938406758,0.0228409403,0.0230939897,0.0370919328,0.0920307530,0.1134330574,0.0188947288,0.0996890625,0.0000500984,0.0008898117,0.0000019594,0.0012436262,0.1194536271 } 
, { 0.1006857332,0.0091773458,0.0428404622,0.4363712896,0.0007645707,0.0391201567,0.0000026636,0.0081464206,0.0000052718,0.0109946005,0.0016426739,0.0843776555,0.0000000034,0.1478751126,0.0001267556,0.1178316746,0.0000376097 } 
, { 0.0095064257,0.1530404609,0.0004390615,0.0505086226,0.0317369364,0.0033465761,0.0003317725,0.1071363419,0.0000013050,0.0135887246,0.0197714634,0.0089134650,0.4623310051,0.0000000849,0.0417077811,0.0976383143,0.0000016590 } 
, { 0.0000078606,0.0007764517,0.1830814238,0.0040855195,0.0293375187,0.0214342056,0.0000381694,0.1090927090,0.0670240926,0.0002270824,0.0291566857,0.0380908387,0.0000250529,0.1576004928,0.0002521715,0.3344969469,0.0252727784 } 
, { 0.0000638749,0.0530182212,0.0006754382,0.0000604866,0.2904767610,0.0114566552,0.0007521919,0.0000137301,0.0013031945,0.0027097631,0.0307391967,0.0071936058,0.0000296138,0.0001001515,0.4829183259,0.0857711051,0.0327176846 } 
, { 0.0068368657,0.0000000000,0.2499431029,0.0526883129,0.0279609757,0.0024110015,0.0004631207,0.0905786607,0.0560470758,0.0514325307,0.2357227829,0.0000043746,0.0003152901,0.0012133299,0.1089693514,0.0746964060,0.0407168185 } 
, { 0.0000332553,0.0289521546,0.0370562635,0.0373991731,0.0310027599,0.0207342224,0.0009365678,0.0000000267,0.2126347824,0.0002122566,0.3848243954,0.0122541501,0.0005645713,0.0000003288,0.0234849809,0.0000000025,0.2099101085 } 
, { 0.0138556105,0.1511697437,0.0243425588,0.0003341090,0.0756996380,0.0039315993,0.0070504779,0.0008348051,0.1528308343,0.0177547718,0.0003741620,0.0275762460,0.2389165461,0.2654878087,0.0003555710,0.0050114893,0.0144740283 } 
, { 0.0000007178,0.0144862156,0.0006550037,0.7575878044,0.0000057370,0.0139932859,0.0745511254,0.0592178829,0.0370367434,0.0000000974,0.0017765137,0.0016367445,0.0273767108,0.0000000358,0.0061729385,0.0033338538,0.0021685894 } 
, { 0.0173413814,0.2770582592,0.0000004623,0.0066003767,0.0149276822,0.1066191484,0.0007618601,0.0513643872,0.0107058885,0.0024137471,0.0006388811,0.0000000374,0.2590438249,0.0014476296,0.0000008396,0.1987563283,0.0523192659 } 
, { 0.0000004014,0.0099809301,0.0065975553,0.0000000104,0.0000081457,0.0000095791,0.3716028696,0.0000020230,0.0029710221,0.0093341821,0.0090896190,0.0008584051,0.5286665194,0.0000000001,0.0558305517,0.0050385545,0.0000096314 } 
, { 0.0019647798,0.0040328201,0.0154965218,0.7265114845,0.0048730135,0.0009781737,0.0440637847,0.0201456453,0.0008953563,0.0019752172,0.0056052850,0.0000084885,0.0000022018,0.1202457731,0.0310299811,0.0153158579,0.0068556156 } 
, { 0.0440270454,0.0000005086,0.0506555813,0.2221673280,0.0711513778,0.1108724747,0.2062835854,0.0470251297,0.0019774569,0.0529263594,0.1535135422,0.0000378481,0.0000073537,0.0029061696,0.0311300743,0.0011106319,0.0042075329 } 
, { 0.0184240661,0.4425541438,0.2295630215,0.0195535569,0.0106003827,0.0258868551,0.0232264344,0.0036422376,0.1855357362,0.0226614144,0.0014208646,0.0002559711,0.0067890662,0.0010153900,0.0015462126,0.0012511814,0.0060734657 } 
, { 0.5552837445,0.0016023113,0.0739941631,0.0022921049,0.0984473004,0.0496078307,0.0784818897,0.0042104086,0.0036591889,0.0086621784,0.0058470263,0.0003261016,0.0000006077,0.0489094984,0.0008110720,0.0678577651,0.0000068085 } 
, { 0.0132449240,0.0064140644,0.0201008765,0.0266762283,0.0117833323,0.0153059738,0.0369259172,0.3146986911,0.0146261174,0.1027784219,0.0000032178,0.0163922415,0.0035292608,0.3820136368,0.0167606892,0.0007232248,0.0180231824 } 
, { 0.0359848260,0.0009893710,0.2393335743,0.0090444998,0.0054114436,0.2873048228,0.0000583994,0.1358494245,0.0211798856,0.0538289989,0.0101287731,0.0569310308,0.0016676437,0.1284552206,0.0100141807,0.0000000004,0.0038179047 } 
, { 0.0004107411,0.2114638113,0.0453199097,0.0353518756,0.0001674354,0.0593658979,0.0809185986,0.0006062630,0.1203423545,0.1104766733,0.0109849813,0.0013337308,0.0001075329,0.2154674485,0.0000044283,0.0007091694,0.1069691483 } 
, { 0.0099184065,0.0001392628,0.1719450013,0.0000528582,0.0000047990,0.0013385527,0.0317142324,0.0546604746,0.0120877726,0.1419777718,0.2097590191,0.0004685635,0.0388887498,0.0004186850,0.0000000017,0.1149916364,0.2116342125 } 
, { 0.0158284521,0.0013344674,0.0055192025,0.0295263628,0.1045392338,0.1865633149,0.2518648174,0.0418583502,0.0009536691,0.1047529273,0.0024547849,0.2073938334,0.0000049646,0.0166793120,0.0295299397,0.0011963581,0.0000000100 } 
, { 0.0302999443,0.0196560439,0.0017976048,0.0325312890,0.0862916383,0.0929617817,0.0011917660,0.0002700470,0.6932976424,0.0080269833,0.0006427171,0.0156134868,0.0005207508,0.0000011294,0.0000005746,0.0099702032,0.0069263973 } 
, { 0.0000304597,0.0316225929,0.0368951060,0.0171697156,0.0609288337,0.0179149231,0.0007687215,0.0000151035,0.0008293255,0.0009349086,0.0000006938,0.1099796305,0.0000036976,0.0000081487,0.7108833498,0.0000003801,0.0120144092 } 
, { 0.0338322036,0.0000375254,0.0936823811,0.0046183902,0.0002820729,0.0009040826,0.1021560826,0.0880059107,0.0112640625,0.1090117302,0.0000116866,0.4036668253,0.1335462991,0.0000247009,0.0013106777,0.0000027487,0.0176426199 } 
, { 0.0000488415,0.0141950852,0.1394840129,0.0001073543,0.0648654388,0.0000000004,0.2332432188,0.0009220895,0.0576529500,0.0038247014,0.0589616991,0.0002062371,0.1124291034,0.0000164154,0.0954397913,0.0415857983,0.1770172624 } 
, { 0.0083139176,0.0042706885,0.3508889291,0.3849889710,0.0004926695,0.0501227693,0.0001075862,0.0079724827,0.0001112806,0.0331764420,0.0007794805,0.0006757577,0.0100222702,0.1469065007,0.0007107168,0.0002064819,0.0002530557 } 
, { 0.0020337562,0.1089458829,0.0128270961,0.0055960183,0.0002301134,0.0513001316,0.3420671792,0.0074484575,0.2414101947,0.1457551148,0.0004477691,0.0000137743,0.0021313439,0.0265494279,0.0004656392,0.0004337730,0.0523443278 } 
, { 0.0165964447,0.1305410165,0.0000037396,0.0000023148,0.2216016653,0.0023130209,0.0027966414,0.3537780186,0.0014744999,0.0325103270,0.0238386159,0.1966197869,0.0000000723,0.0034215380,0.0141305866,0.0003717115,0.0000000000 } 
, { 0.0108727554,0.0526981831,0.0004453503,0.6127606485,0.0324589405,0.0000083370,0.0035460439,0.0067280897,0.0529143975,0.0061066604,0.0008890916,0.0049535414,0.0000492292,0.0892950654,0.0928588719,0.0332789522,0.0001358419 } 
, { 0.0265540968,0.0002674366,0.2056016620,0.1147088460,0.0065861487,0.0908392347,0.0049739755,0.0010142503,0.0377080320,0.0000159225,0.2318335946,0.0004017685,0.0008116067,0.0003832880,0.2782879341,0.0000122029,0.0000000001 } 
, { 0.1828094075,0.0001172948,0.0000586985,0.0000005509,0.0012137408,0.0065481831,0.0089271861,0.0734668580,0.1052853529,0.0542941404,0.0015521283,0.4525973669,0.0033487693,0.0081681378,0.0004975529,0.1004705403,0.0006440914 } 
, { 0.0094952639,0.0253353334,0.0000451259,0.0003110863,0.0131872342,0.0000179555,0.0977691285,0.1499404847,0.0139473622,0.0084775392,0.1108787523,0.0000000002,0.1038560020,0.2588540711,0.0020842478,0.1965622390,0.0092381739 } 
, { 0.0940711017,0.0110849593,0.1500763513,0.0000170383,0.4343125474,0.0764047505,0.0012894983,0.0188115173,0.0000208235,0.0016786596,0.0123895769,0.0155115491,0.0013111305,0.0979118685,0.0365212169,0.0116187488,0.0369686621 } 
, { 0.0002075624,0.0572314743,0.2179529868,0.0166542802,0.0158946287,0.0112676560,0.2624188866,0.0002423375,0.0000172879,0.0088182975,0.0001487115,0.0003206108,0.0001339579,0.1494673422,0.1820553956,0.0000686289,0.0770999553 } 
, { 0.0139788518,0.0269810070,0.2339859025,0.0042966342,0.2047123959,0.0004811609,0.0000713132,0.0680683235,0.0661994348,0.0432253848,0.0049248155,0.0004642632,0.2078717385,0.0004584934,0.0013709508,0.0003731122,0.1225362176 } 
, { 0.0013719444,0.2478869567,0.0000025484,0.0171543148,0.0000010981,0.0081718372,0.0000891800,0.0539670592,0.0076250662,0.3769148725,0.0001119734,0.0072909481,0.0034702520,0.1933885441,0.0319681567,0.0505658558,0.0000193925 } 
, { 0.0003572372,0.0011429972,0.0801134544,0.0322652395,0.0000183495,0.0611423858,0.0324522425,0.0045197293,0.0002748160,0.0525737233,0.3790035060,0.2158553815,0.0370518887,0.0003267525,0.0004224737,0.0000353357,0.1024444871 } 
, { 0.0000012575,0.0000468129,0.0035708627,0.0000009034,0.1311361086,0.0001520525,0.0000005199,0.0002575738,0.0222969167,0.0622649841,0.0163798609,0.1602858913,0.1187888809,0.0051987345,0.0993298794,0.3802860333,0.0000027277 } 
, { 0.0162440686,0.0256441445,0.0533902684,0.0177937355,0.0507756628,0.0049243109,0.0109311964,0.0001221257,0.0051527241,0.0037191388,0.0000004661,0.5138625155,0.0002915825,0.0848557778,0.0000002921,0.1464134075,0.0658785830 } 
, { 0.1902635116,0.0840014887,0.0004845049,0.0007688536,0.0000898636,0.4590985852,0.0135151589,0.0019679785,0.0117355137,0.1006478161,0.0309396357,0.0026184941,0.0000072249,0.0000621607,0.0052793207,0.0930161082,0.0055037809 } 
, { 0.0981372959,0.0047026268,0.1215686544,0.0974131328,0.0129479983,0.0075253799,0.0024866045,0.0025883085,0.1357072685,0.0353582874,0.0008110776,0.0019296718,0.0143908142,0.0579189400,0.1309362654,0.1771799276,0.0983977464 } 
, { 0.0298694619,0.3282728788,0.0423452712,0.0000008603,0.0000099430,0.0098639519,0.0003898241,0.0000411732,0.0000001995,0.2666632342,0.1366997478,0.0094103358,0.0054541545,0.0028074250,0.0076409747,0.1601804434,0.0003501209 } 
